0.0045747
0.0042568
0.0044932
0.0043546
0.0043543
0.0043302
0.004246
0.0045121
0.0043289
0.0043083
0.0044971
0.0043494
0.0043897
0.0042984
0.0043979
0.0043996
0.0042935
0.0045354
0.0044748
0.0045231
0.0044766
0.0042084
0.004437
0.0044182
0.0044235
0.0041671
0.0042141
0.0044595
0.0040903
0.0044329
0.0043434
0.0042979
0.0043227
0.0044656
0.0042192
0.0041782
0.0043108
0.0044057
0.0042046
0.0041992
0.0043085
0.0042604
0.0045469
0.0042915
0.0043074
0.0044392
0.0048204
0.0043521
0.00443
0.0048222
0.0043368
0.0043222
0.0043048
0.0045123
0.004258
0.004221
0.0043306
0.0051425
0.0043734
0.0044078
0.0042139
0.0043524
0.0045912
0.0042348
0.0043442
0.004383
0.0046113
0.0040211
0.0043472
0.0044724
0.0043304
0.0054417
0.0053797
0.0043151
0.0050582
0.004363
0.0041767
0.004141
0.0043537
0.0043385
0.0092609
0.004209
0.0043587
0.0048513
0.0044874
0.0044775
0.0048231
0.0042415
0.0045681
0.0044618
0.0044114
0.0054338
0.0046047
0.0042436
0.0042131
0.0043165
0.0044083
0.0043612
0.0043714
0.0043824
0.0001882
0.0005549
0.0004764
0.0005036
0.0005277
0.0004727
0.0005026
0.0005241
0.0004761
0.0005029
0.0004994
0.0004771
0.0005137
0.0003361
0.0003155
0.0003325
0.0003234
0.0003146
0.0003347
0.0003155
0.0003263
0.0003353
0.0003168
0.0003366
0.0003324
0.0003212
0.0003361
0.000333
0.0003168
0.0003488
0.0003387
0.0003141
0.0003478
0.0003546
0.0003205
0.000358
0.0003402
0.0003452
0.0003467
0.0003627
0.0003368
0.0003821
0.0003649
0.0002116
0.0001909
0.0001784
0.0001832
0.0002242
0.0002031
0.0001645
0.0001514
0.0001415
0.0001888
0.0002087
0.0001436
0.0002192
0.0002066
0.0001594
0.0001668
0.000139
0.0001633
0.0002092
0.0001498
0.0002139
0.0002191
0.0001518
0.0001632
0.0001491
0.0001455
0.0002166
0.0001423
0.000215
0.000226
0.0001551
0.0001618
0.0001538
0.0001556
0.0002211
0.0001742
0.0001539
0.0002199
0.0001732
0.0001553
0.0001573
0.0001686
0.000221
0.0001629
0.0001811
0.0002091
0.0001577
0.0001608
0.0001607
0.0001721
0.0001686
0.000162
0.000163
0.0002008
0.0001597
0.0001644
0.0001439
0.0002088
0.0001879
0.0001843
0.0002359
0.0001851
0.0001879
0.0001836
0.0001901
0.0001822
0.0001832
0.0001829
0.0001857
0.0001822
0.0001833
0.0001855
0.0001861
0.0001867
0.0001895
0.0001809
0.0002276
0.0001957
0.0002456
0.0001874
0.0001895
0.0001906
0.0001853
0.0001858
0.0001825
0.0002132
0.0001494
0.0001912
0.0001856
0.0001724
0.0001831
0.0001539
0.000151
0.0001432
0.0001416
0.0001543
0.0001593
0.0001547
0.0001792
0.0001666
0.0002757
0.0002836
0.0002221
0.0001505
0.0001417
0.0001622
0.0001634
0.000145
0.0001449
0.0001459
0.0001501
0.0001923
0.0001585
0.0001504
0.000184
0.0001979
0.0001866
0.0001614
0.0001872
0.0001859
0.0001719
0.0002167
0.0001764
0.000149
0.0002679
0.0001769
0.0001919
0.0002601
0.0001745
0.0002405
0.0003396
0.0001901
0.0001728
0.0002409
0.000183
0.0002053
0.0002344
0.0001905
0.0001823
0.0002154
0.0001765
0.0002151
0.0002357
0.0002076
0.0002987
0.0003289
0.0002852
0.0003374
0.0002225
0.0003361
0.0003202
0.0002341
0.000244
0.0002861
0.0001719
0.0002444
0.0002761
